1718.3925000000002 465 4
3678.0066 597 5
28447.9875 874 9
23232.672000000002 429 9
30820.333 485 9
41647.851 469 9
10355.11572857143 394.75 2
10649.593285714287 398.75 2
12519.439842857144 415 3
12770.75417142857 392.5 5
30075.7752 430 6
20787.694199999998 409.5 6
17342.2017 405.3333333333333 6
16713.166725 408.5 6
15918.428340000002 417.25 5
15918.428340000002 417.25 5
16163.362199999998 414 5
13316.274000000001 421 3
13824.93015 391.5 3
14288.5518 406.6666666666667 3
14450.89545 405.5 3
13571.326079999999 386.75 3
13327.149420000002 391.75 3
12048.772800000002 376.75 3
11829.00585 382.25 3
15813.579214285715 397.75 3
15829.848642857141 449.25 3
16427.81745 450.5 3
19007.035559999997 450.25 4
18312.2973 456.5 4
17532.9816 411.75 4
18556.34901428571 416 4
14288.61972857143 402.25 3
12778.832571428571 434 3
12541.444842857143 438 3
12699.441642857142 431.25 3
13194.7206 467 3
11764.85976 437.25 3
14027.40315 441.75 3
13258.03275 450.25 3
11660.71698 446.25 3
10986.27345 455.5 2
11220.800657142856 439 3
10766.4675 434.5 2
11885.79585 402.75 3
14438.007360000001 467 3
14125.632 463.75 3
1011484 8 4
692564 12 4
2312700 6 4
1304466.667 7 4
1284925.333 7 4
4076632 12 4
1059776 22 4
1000 9 0
1000 8 0
1000 631 0
100 625.5 0
100 551.3333333333334 0
100 561.5 0
300 502 0
300 472.5 0
500 479 0
500 492.75 0
700 493.25 0
1000 467 0
1000 470.25 0
1000 453 0
2000 9 0
2000 13 0
2000 7 0
2000 10 0
2000 5 0
2000 14 0
500 8 0
500 7 0
500 7 0
500 5 0
1000 6 0
1000 6 0
1000 10 0
1000 7 0
1000 12 0
1000 9 0
1000 7 0
282765.333 8 6
3694880 9 6
632300.8 8 6
1526988 5 6
1653168 10 6
2540032 10 6
3526128 6 6
1691948 11 6
1610908 5 6
1601100 3 6
2932256 5 6
3081120 5 6
2022968 10 9
1385128 3 9
766266.667 4 9
3843942.4 3 9
59856.435 22 9
